40 40
50
 0  0  0  0  0  0  0  0  0  0  0  0  0  0  0  0  0  0  0  0  0  0  0  0  0  0  0  0  0  0  0  0  0  0  0  0  0  0  0  0  
 0  0  0  0  0  0  0  0  0  0  0  0  0  0  0  0  0  0  0  0  0  0  0  0  0  0  0  0  0  0  0  0  0  0  0  0  0  0  0  0  
 0  0  0  0  0  0  0  0  0  0  0  0  0  0  0  0  0  0  0  0  0  0  0 -2  0  0  0  0  0  0  0  0  0  0  0  0  0  0  0  0  
 0  0  0  0  0  0  0  0  0  0  0  0  0  0  0  0  0  0  0  0  0  0 -2 -2  0  0  0  0  0  0  0  0  0  0  0  0  0  0  0  0  
 0  0  0 -1  0  0  0  0  0  0  0  0  0  0  0  0  0  0  0  0  0  0 -2 -2  0  0  0  0  0  0  0  0  0  0  0  0  0  0  0  0
 0  0  0  0  0  0  0  0  0  0  0  0  0  0  0  0  0  0  0  0  0  0 -2 -2  0  0  0  0  0  0  0  0  0  0  0  0  0  0  0  0  
 0  0  0  0  0  0  0  0 -2 -2  0  0  0  0  0  0  0  0  0  0  0  0 -2  0  0  0  0  0  0  0  0  0  0  0 50  0  0  0  0  0  
 0  0  0  0  0  0  0  0 -2 -2  0  0  0  0  0  0  0  0  0  0  0  0 -2 -2  0  0  0  0  0  0  0  0  0  0 50  0  0  0  0  0  
 0  0  0  0  0  0  0  0  0  0  0  0  0  0 30 20  0  0  0  0  0  0  0 -2 -2  0  0  0  0  0  0  0  0  0 50  0  0  0  0  0  
 0  0  0  0  0  0  0  0  0  0  0  0  0  0 20 50  0  0  0  0  0  0  0  0 -2 -2  0  0  0  0  0  0  0  0 40  0  0  0  0  0  
 0  0  0  0  0  0  0  0  0  0  0  0  0  0  0  0  0  0  0  0  0  0  0  0  0 -2 -2  0  0  0  0  0  0  0 30  0  0  0  0  0  
 0  0  0  0  0  0  0  0  0  0  0  0  0  0  0  0  0  0  0  0  0  0  0  0  0  0 -2  0  0  0  0  0  0  0 20  0  0  0  0  0  
 0  0  0  0  0  0  0  0  0  0  0  0  0  0  0  0  0  0  0  0  0  0  0  0  0  0 -2 -2  0  0  0  0  0  0 10  0  0  0  0  0  
 0  0  0  0  0  0  0  0  0  0  0  0  0  0  0  0  0  0  0  0  0  0  0  0  0  0  0 -2  0  0  0  0  0  0  5  0  0  0  0  0  
 0  0  0  0  0  0  0  0  0  0  0  0  0  0  0  0  0  0  0  0  0  0  0  0  0  0  0 -2 -2  0  0  0  0  0  1  0  0  0  0  0  
 0  0  0  0  0  0  0 -2 -2 -2 -2  0  0  0  0  0  0  0  0  0  0  0  0  0  0  0  0 -2 -2  0  0  0  0  0  1  0  0  0  0  0  
 0  0  0  0  0  0  0  0  0 -2 -2 -2 -2  0  0  0  0  0  0  0  0  0  0  0  0  0  0  0 -2  0  0  0  0  0  1  0  0 -2 -2  0  
 0  0  0  0  0  0  0  0  0  0  0 -2 -2 -2 -2 -2 -2  0  0  0  0  0  0  0  0  0  0  0 -2  0  0  0  0  0  0  0  0 -2 -2  0  
 0  0  0  0  0  0  0  0  0  0  0  0  0  0  0  0  0  0  0  0  0  0  0  0  0  0  0  0 -2  0  0  0  0  0  0  0  0  0  0  0  
 0  0  0  0  0  0  0  0  0  0  0  0 30 20  0  0  0  0  0  0  0  0  0  0  0  0  0 -2 -2  0  0  0  0  0  0  0  0  0  0  0  
 0  0  0  0  0  0  0  0  0  0  0  0  0  0  0  0  0  0  0  0  0  0  0  0  0  0 -2 -2  0  0  0  0  0  0  0  0  0  0  0  0  
 0  0  0  0  0  0  0  0  0  0  0  0  0  0  0  0  0  0  0  0  0  0  0  0 -2 -2 -2  0  0  0  0  0  0  0  0  0  0  0  0  0  
 0  0  0  0  0  0  0  0  0  0  0  0  0  0  0  0  0  0  0  0  0  0  0  0  0  0  0  0  0  0  0  0  0  0  0  0  0  0  0  0  
 0  0  0  0  0  0  0  0  0  0  0  0  0  0  0  0  0  0  0  0  0  0  0  0  0  0  0  0  0  0  0  0  0  0  0  0  0  0  0  0  
 0  0  0 -2 -2 -2 -2 -2 -2 -2 -2  0  0  0  0  0  0 -2 -2  0  0  0  0  0  0  0  0  0  0  0  0  0  0  0  0  0  0  0  0  0  
 0  0  0  0  0  0  0  0  0  0 -2  0  0  0  0  0  0 -2 -2  0  0  0  0  0  0  0  0  0  0  0  0  0  0  0  0  0  0  0  0  0  
 0  0  0  0  0  0  0  0  0  0 -2  0  0  0  0  0  0  0  0  0  0  0  0  0  0  0  0  0  0  0  0  0  0  0  0  0  0  0  0  0  
 0  0  0  0  0  0  0  0  0  0 -2  0  0  0  0  0  0  0  0  0  0  0  0  0  0  0  0  0  0  0  0  0  0  0  0  0  0  0  0  0  
 0  0  0  0  0  0  0  0  0  0  0  0  0  0  0  0  0  0  0  0  0  0  0  0  0  0  0  0  0  0  0  0  0  0  0  0  0  0  0  0  
 0  0  0  0  0 30 30 30  0  0  0  0  0  0  0  0  0  0  0  0  0  0  0  0  0  0  0  0  0  0  0  0  0  0  0  0  0  0  0  0  
 0  0  0  0  0  0  0  0  0  0  0  0  0  0  0  0  0  0  0  0  0  0  0  0  0  0  0  0  0  0  0  0  0  0  0  0  0  0  0  0  
 0  0  0  0  0  0  0  0  0  0  0  0  0  0  0  0  0  0  0  0  0  0  0  0  0  0  0  0  0  0  0  0  0  0  0  0  0  0  0  0  
 0  0  0  0  0  0  0  0  0  0 -2 -2 -2 -2 -2 -2 -2 -2 -2 -2 -2 -2 -2 -2 -2 -2  0  0  0  0  0  0  0  0  0  0  0  0  0  0  
 0  0  0  0  0  0  0  0  0  0  0  0  0  0  0  0  0  0  0  0  0  0  0 -2 -2 -2 -2 -2  0  0  0  0  0  0  0  0  0  0  0  0  
 0  0  0  0  0  0  0  0  0  0  0  0  0  0  0  0  0  0  0  0  0  0  0  0  0  0  0  0  0  0  0  0  0  0  0  0  0  0  0  0  
 0  0  0  0  0  0  0  0  0  0  0  0  0  0  0  0  0  0  0  0  0  0  0  0  0  0  0  0  0  0  0  0  0  0 40 40 40  0  0  0  
 0  0  0  0  0  0  0  0  0  0  0  0  0  0  0  0  0  0  0  0  0  0  0  0  0  0  0  0  0  0  0  0  0  0 40 40 40  0  0  0  
 0  0  0  0  0  0  0  0  0  0  0  0  0  0  0  0  0  0  0  0  0  0  0  0  0  0  0  0  0  0  0  0  0  0 40 40 40  0  0  0  
 0  0  0  0  0  0  0  0  0  0  0  0  0  0  0  0  0  0  0  0  0  0  0  0  0  0  0  0  0  0  0  0  0  0  0  0  0  0  0  0  
 0  0  0  0  0  0  0  0  0  0  0  0  0  0  0  0  0  0  0  0  0  0  0  0  0  0  0  0  0  0  0  0  0  0  0  0  0  0  0  0  
 